	10A	21B	20A	17A	24A	39C	14B	16A	46B	19A	06C	02A	08A	4326	22D	07A	22B	26B	39F	22C	08C	23A	24C	21A	20B	08B	36A	07B	06B	43A	29A	39A	34A	36B	13A	27A	33E	03A	06A	46A
10A	0.000	0.013	0.321	0.103	0.090	0.218	0.115	0.128	0.218	0.231	0.154	0.192	0.128	0.385	0.205	0.192	0.090	0.154	0.333	0.064	0.244	0.295	0.192	0.141	0.051	0.231	0.244	0.218	0.295	0.423	0.474	0.410	0.590	0.436	0.449	0.577	0.436	0.449	0.474	0.256
21B	0.013	0.000	0.333	0.115	0.077	0.231	0.103	0.115	0.231	0.218	0.141	0.179	0.115	0.397	0.192	0.179	0.077	0.141	0.346	0.051	0.256	0.308	0.205	0.154	0.064	0.218	0.231	0.205	0.282	0.410	0.462	0.397	0.577	0.423	0.436	0.564	0.423	0.436	0.462	0.244
20A	0.321	0.333	0.000	0.218	0.410	0.103	0.436	0.449	0.103	0.551	0.474	0.513	0.449	0.064	0.526	0.513	0.410	0.474	0.013	0.385	0.077	0.026	0.128	0.179	0.269	0.551	0.564	0.538	0.615	0.744	0.795	0.731	0.910	0.756	0.769	0.897	0.756	0.769	0.795	0.577
17A	0.103	0.115	0.218	0.000	0.192	0.115	0.218	0.231	0.115	0.333	0.256	0.295	0.231	0.282	0.308	0.295	0.192	0.256	0.231	0.167	0.141	0.192	0.090	0.038	0.051	0.333	0.346	0.321	0.397	0.526	0.577	0.513	0.692	0.538	0.551	0.679	0.538	0.551	0.577	0.359
24A	0.090	0.077	0.410	0.192	0.000	0.308	0.026	0.038	0.308	0.141	0.064	0.103	0.038	0.474	0.115	0.103	0.000	0.064	0.423	0.026	0.333	0.385	0.282	0.231	0.141	0.141	0.154	0.128	0.205	0.333	0.385	0.321	0.500	0.346	0.359	0.487	0.346	0.359	0.385	0.167
39C	0.218	0.231	0.103	0.115	0.308	0.000	0.333	0.346	0.000	0.449	0.372	0.410	0.346	0.167	0.423	0.410	0.308	0.372	0.115	0.282	0.026	0.077	0.026	0.077	0.167	0.449	0.462	0.436	0.513	0.641	0.692	0.628	0.808	0.654	0.667	0.795	0.654	0.667	0.692	0.474
14B	0.115	0.103	0.436	0.218	0.026	0.333	0.000	0.013	0.333	0.115	0.038	0.077	0.013	0.500	0.090	0.077	0.026	0.038	0.449	0.051	0.359	0.410	0.308	0.256	0.167	0.115	0.128	0.103	0.179	0.308	0.359	0.295	0.474	0.321	0.333	0.462	0.321	0.333	0.359	0.141
16A	0.128	0.115	0.449	0.231	0.038	0.346	0.013	0.000	0.346	0.103	0.026	0.064	0.000	0.513	0.077	0.064	0.038	0.026	0.462	0.064	0.372	0.423	0.321	0.269	0.179	0.103	0.115	0.090	0.167	0.295	0.346	0.282	0.462	0.308	0.321	0.449	0.308	0.321	0.346	0.128
46B	0.218	0.231	0.103	0.115	0.308	0.000	0.333	0.346	0.000	0.449	0.372	0.410	0.346	0.167	0.423	0.410	0.308	0.372	0.115	0.282	0.026	0.077	0.026	0.077	0.167	0.449	0.462	0.436	0.513	0.641	0.692	0.628	0.808	0.654	0.667	0.795	0.654	0.667	0.692	0.474
19A	0.231	0.218	0.551	0.333	0.141	0.449	0.115	0.103	0.449	0.000	0.077	0.038	0.103	0.615	0.026	0.038	0.141	0.077	0.564	0.167	0.474	0.526	0.423	0.372	0.282	0.000	0.013	0.013	0.064	0.192	0.244	0.179	0.359	0.205	0.218	0.346	0.205	0.218	0.244	0.026
06C	0.154	0.141	0.474	0.256	0.064	0.372	0.038	0.026	0.372	0.077	0.000	0.038	0.026	0.538	0.051	0.038	0.064	0.000	0.487	0.090	0.397	0.449	0.346	0.295	0.205	0.077	0.090	0.064	0.141	0.269	0.321	0.256	0.436	0.282	0.295	0.423	0.282	0.295	0.321	0.103
02A	0.192	0.179	0.513	0.295	0.103	0.410	0.077	0.064	0.410	0.038	0.038	0.000	0.064	0.577	0.013	0.000	0.103	0.038	0.526	0.128	0.436	0.487	0.385	0.333	0.244	0.038	0.051	0.026	0.103	0.231	0.282	0.218	0.397	0.244	0.256	0.385	0.244	0.256	0.282	0.064
08A	0.128	0.115	0.449	0.231	0.038	0.346	0.013	0.000	0.346	0.103	0.026	0.064	0.000	0.513	0.077	0.064	0.038	0.026	0.462	0.064	0.372	0.423	0.321	0.269	0.179	0.103	0.115	0.090	0.167	0.295	0.346	0.282	0.462	0.308	0.321	0.449	0.308	0.321	0.346	0.128
4326	0.385	0.397	0.064	0.282	0.474	0.167	0.500	0.513	0.167	0.615	0.538	0.577	0.513	0.000	0.590	0.577	0.474	0.538	0.051	0.449	0.141	0.090	0.192	0.244	0.333	0.615	0.628	0.603	0.679	0.808	0.859	0.795	0.974	0.821	0.833	0.962	0.821	0.833	0.859	0.641
22D	0.205	0.192	0.526	0.308	0.115	0.423	0.090	0.077	0.423	0.026	0.051	0.013	0.077	0.590	0.000	0.013	0.115	0.051	0.538	0.141	0.449	0.500	0.397	0.346	0.256	0.026	0.038	0.013	0.090	0.218	0.269	0.205	0.385	0.231	0.244	0.372	0.231	0.244	0.269	0.051
07A	0.192	0.179	0.513	0.295	0.103	0.410	0.077	0.064	0.410	0.038	0.038	0.000	0.064	0.577	0.013	0.000	0.103	0.038	0.526	0.128	0.436	0.487	0.385	0.333	0.244	0.038	0.051	0.026	0.103	0.231	0.282	0.218	0.397	0.244	0.256	0.385	0.244	0.256	0.282	0.064
22B	0.090	0.077	0.410	0.192	0.000	0.308	0.026	0.038	0.308	0.141	0.064	0.103	0.038	0.474	0.115	0.103	0.000	0.064	0.423	0.026	0.333	0.385	0.282	0.231	0.141	0.141	0.154	0.128	0.205	0.333	0.385	0.321	0.500	0.346	0.359	0.487	0.346	0.359	0.385	0.167
26B	0.154	0.141	0.474	0.256	0.064	0.372	0.038	0.026	0.372	0.077	0.000	0.038	0.026	0.538	0.051	0.038	0.064	0.000	0.487	0.090	0.397	0.449	0.346	0.295	0.205	0.077	0.090	0.064	0.141	0.269	0.321	0.256	0.436	0.282	0.295	0.423	0.282	0.295	0.321	0.103
39F	0.333	0.346	0.013	0.231	0.423	0.115	0.449	0.462	0.115	0.564	0.487	0.526	0.462	0.051	0.538	0.526	0.423	0.487	0.000	0.397	0.090	0.038	0.141	0.192	0.282	0.564	0.577	0.551	0.628	0.756	0.808	0.744	0.923	0.769	0.782	0.910	0.769	0.782	0.808	0.590
22C	0.064	0.051	0.385	0.167	0.026	0.282	0.051	0.064	0.282	0.167	0.090	0.128	0.064	0.449	0.141	0.128	0.026	0.090	0.397	0.000	0.308	0.359	0.256	0.205	0.115	0.167	0.179	0.154	0.231	0.359	0.410	0.346	0.526	0.372	0.385	0.513	0.372	0.385	0.410	0.192
08C	0.244	0.256	0.077	0.141	0.333	0.026	0.359	0.372	0.026	0.474	0.397	0.436	0.372	0.141	0.449	0.436	0.333	0.397	0.090	0.308	0.000	0.051	0.051	0.103	0.192	0.474	0.487	0.462	0.538	0.667	0.718	0.654	0.833	0.679	0.692	0.821	0.679	0.692	0.718	0.500
23A	0.295	0.308	0.026	0.192	0.385	0.077	0.410	0.423	0.077	0.526	0.449	0.487	0.423	0.090	0.500	0.487	0.385	0.449	0.038	0.359	0.051	0.000	0.103	0.154	0.244	0.526	0.538	0.513	0.590	0.718	0.769	0.705	0.885	0.731	0.744	0.872	0.731	0.744	0.769	0.551
24C	0.192	0.205	0.128	0.090	0.282	0.026	0.308	0.321	0.026	0.423	0.346	0.385	0.321	0.192	0.397	0.385	0.282	0.346	0.141	0.256	0.051	0.103	0.000	0.051	0.141	0.423	0.436	0.410	0.487	0.615	0.667	0.603	0.782	0.628	0.641	0.769	0.628	0.641	0.667	0.449
21A	0.141	0.154	0.179	0.038	0.231	0.077	0.256	0.269	0.077	0.372	0.295	0.333	0.269	0.244	0.346	0.333	0.231	0.295	0.192	0.205	0.103	0.154	0.051	0.000	0.090	0.372	0.385	0.359	0.436	0.564	0.615	0.551	0.731	0.577	0.590	0.718	0.577	0.590	0.615	0.397
20B	0.051	0.064	0.269	0.051	0.141	0.167	0.167	0.179	0.167	0.282	0.205	0.244	0.179	0.333	0.256	0.244	0.141	0.205	0.282	0.115	0.192	0.244	0.141	0.090	0.000	0.282	0.295	0.269	0.346	0.474	0.526	0.462	0.641	0.487	0.500	0.628	0.487	0.500	0.526	0.308
08B	0.231	0.218	0.551	0.333	0.141	0.449	0.115	0.103	0.449	0.000	0.077	0.038	0.103	0.615	0.026	0.038	0.141	0.077	0.564	0.167	0.474	0.526	0.423	0.372	0.282	0.000	0.013	0.013	0.064	0.192	0.244	0.179	0.359	0.205	0.218	0.346	0.205	0.218	0.244	0.026
36A	0.244	0.231	0.564	0.346	0.154	0.462	0.128	0.115	0.462	0.013	0.090	0.051	0.115	0.628	0.038	0.051	0.154	0.090	0.577	0.179	0.487	0.538	0.436	0.385	0.295	0.013	0.000	0.026	0.051	0.179	0.231	0.167	0.346	0.192	0.205	0.333	0.192	0.205	0.231	0.013
07B	0.218	0.205	0.538	0.321	0.128	0.436	0.103	0.090	0.436	0.013	0.064	0.026	0.090	0.603	0.013	0.026	0.128	0.064	0.551	0.154	0.462	0.513	0.410	0.359	0.269	0.013	0.026	0.000	0.077	0.205	0.256	0.192	0.372	0.218	0.231	0.359	0.218	0.231	0.256	0.038
06B	0.295	0.282	0.615	0.397	0.205	0.513	0.179	0.167	0.513	0.064	0.141	0.103	0.167	0.679	0.090	0.103	0.205	0.141	0.628	0.231	0.538	0.590	0.487	0.436	0.346	0.064	0.051	0.077	0.000	0.128	0.179	0.115	0.295	0.141	0.154	0.282	0.141	0.154	0.179	0.038
43A	0.423	0.410	0.744	0.526	0.333	0.641	0.308	0.295	0.641	0.192	0.269	0.231	0.295	0.808	0.218	0.231	0.333	0.269	0.756	0.359	0.667	0.718	0.615	0.564	0.474	0.192	0.179	0.205	0.128	0.000	0.051	0.013	0.167	0.013	0.026	0.154	0.013	0.026	0.051	0.167
29A	0.474	0.462	0.795	0.577	0.385	0.692	0.359	0.346	0.692	0.244	0.321	0.282	0.346	0.859	0.269	0.282	0.385	0.321	0.808	0.410	0.718	0.769	0.667	0.615	0.526	0.244	0.231	0.256	0.179	0.051	0.000	0.064	0.115	0.038	0.026	0.103	0.038	0.026	0.000	0.218
39A	0.410	0.397	0.731	0.513	0.321	0.628	0.295	0.282	0.628	0.179	0.256	0.218	0.282	0.795	0.205	0.218	0.321	0.256	0.744	0.346	0.654	0.705	0.603	0.551	0.462	0.179	0.167	0.192	0.115	0.013	0.064	0.000	0.179	0.026	0.038	0.167	0.026	0.038	0.064	0.154
34A	0.590	0.577	0.910	0.692	0.500	0.808	0.474	0.462	0.808	0.359	0.436	0.397	0.462	0.974	0.385	0.397	0.500	0.436	0.923	0.526	0.833	0.885	0.782	0.731	0.641	0.359	0.346	0.372	0.295	0.167	0.115	0.179	0.000	0.154	0.141	0.013	0.154	0.141	0.115	0.333
36B	0.436	0.423	0.756	0.538	0.346	0.654	0.321	0.308	0.654	0.205	0.282	0.244	0.308	0.821	0.231	0.244	0.346	0.282	0.769	0.372	0.679	0.731	0.628	0.577	0.487	0.205	0.192	0.218	0.141	0.013	0.038	0.026	0.154	0.000	0.013	0.141	0.000	0.013	0.038	0.179
13A	0.449	0.436	0.769	0.551	0.359	0.667	0.333	0.321	0.667	0.218	0.295	0.256	0.321	0.833	0.244	0.256	0.359	0.295	0.782	0.385	0.692	0.744	0.641	0.590	0.500	0.218	0.205	0.231	0.154	0.026	0.026	0.038	0.141	0.013	0.000	0.128	0.013	0.000	0.026	0.192
27A	0.577	0.564	0.897	0.679	0.487	0.795	0.462	0.449	0.795	0.346	0.423	0.385	0.449	0.962	0.372	0.385	0.487	0.423	0.910	0.513	0.821	0.872	0.769	0.718	0.628	0.346	0.333	0.359	0.282	0.154	0.103	0.167	0.013	0.141	0.128	0.000	0.141	0.128	0.103	0.321
33E	0.436	0.423	0.756	0.538	0.346	0.654	0.321	0.308	0.654	0.205	0.282	0.244	0.308	0.821	0.231	0.244	0.346	0.282	0.769	0.372	0.679	0.731	0.628	0.577	0.487	0.205	0.192	0.218	0.141	0.013	0.038	0.026	0.154	0.000	0.013	0.141	0.000	0.013	0.038	0.179
03A	0.449	0.436	0.769	0.551	0.359	0.667	0.333	0.321	0.667	0.218	0.295	0.256	0.321	0.833	0.244	0.256	0.359	0.295	0.782	0.385	0.692	0.744	0.641	0.590	0.500	0.218	0.205	0.231	0.154	0.026	0.026	0.038	0.141	0.013	0.000	0.128	0.013	0.000	0.026	0.192
06A	0.474	0.462	0.795	0.577	0.385	0.692	0.359	0.346	0.692	0.244	0.321	0.282	0.346	0.859	0.269	0.282	0.385	0.321	0.808	0.410	0.718	0.769	0.667	0.615	0.526	0.244	0.231	0.256	0.179	0.051	0.000	0.064	0.115	0.038	0.026	0.103	0.038	0.026	0.000	0.218
46A	0.256	0.244	0.577	0.359	0.167	0.474	0.141	0.128	0.474	0.026	0.103	0.064	0.128	0.641	0.051	0.064	0.167	0.103	0.590	0.192	0.500	0.551	0.449	0.397	0.308	0.026	0.013	0.038	0.038	0.167	0.218	0.154	0.333	0.179	0.192	0.321	0.179	0.192	0.218	0.000
