	10A	21B	20A	17A	24A	39C	14B	16A	46B	19A	06C	02A	08A	4326	22D	07A	22B	26B	39F	22C	08C	23A	24C	21A	20B	08B	36A	07B	06B	43A	29A	39A	34A	36B	13A	27A	33E	03A	06A	46A
10A	0.000	0.008	0.427	0.107	0.201	0.210	0.239	0.303	0.351	0.252	0.290	0.470	0.303	0.363	0.419	0.393	0.175	0.419	0.312	0.098	0.184	0.274	0.133	0.056	0.017	0.726	0.796	0.692	0.790	1.111	1.159	1.175	1.278	1.146	1.159	1.303	1.146	1.060	1.162	0.770
21B	0.008	0.000	0.436	0.115	0.192	0.218	0.231	0.295	0.359	0.244	0.282	0.462	0.295	0.372	0.410	0.385	0.167	0.410	0.321	0.090	0.192	0.282	0.141	0.064	0.026	0.718	0.788	0.683	0.782	1.103	1.150	1.167	1.269	1.138	1.151	1.295	1.138	1.051	1.154	0.761
20A	0.427	0.436	0.000	0.321	0.628	0.218	0.667	0.731	0.077	0.679	0.718	0.897	0.731	0.064	0.846	0.821	0.603	0.846	0.115	0.526	0.244	0.154	0.295	0.372	0.410	1.154	1.224	1.119	1.218	1.538	1.586	1.603	1.705	1.574	1.587	1.731	1.574	1.487	1.590	1.197
17A	0.107	0.115	0.321	0.000	0.308	0.103	0.346	0.410	0.244	0.359	0.397	0.577	0.410	0.256	0.526	0.500	0.282	0.526	0.205	0.205	0.077	0.167	0.026	0.051	0.090	0.833	0.903	0.799	0.897	1.218	1.266	1.282	1.385	1.253	1.266	1.410	1.253	1.167	1.269	0.877
24A	0.201	0.192	0.628	0.308	0.000	0.410	0.038	0.103	0.551	0.051	0.090	0.269	0.103	0.564	0.218	0.192	0.026	0.218	0.513	0.103	0.385	0.474	0.333	0.256	0.218	0.526	0.595	0.491	0.590	0.910	0.958	0.974	1.077	0.946	0.959	1.103	0.946	0.859	0.962	0.569
39C	0.210	0.218	0.218	0.103	0.410	0.000	0.449	0.513	0.141	0.462	0.500	0.679	0.513	0.154	0.628	0.603	0.385	0.628	0.103	0.308	0.026	0.064	0.077	0.154	0.192	0.936	1.006	0.901	1.000	1.321	1.368	1.385	1.487	1.356	1.369	1.513	1.356	1.269	1.372	0.979
14B	0.239	0.231	0.667	0.346	0.038	0.449	0.000	0.064	0.590	0.013	0.051	0.231	0.064	0.603	0.179	0.154	0.064	0.179	0.551	0.141	0.423	0.513	0.372	0.295	0.256	0.487	0.557	0.452	0.551	0.872	0.919	0.936	1.038	0.907	0.920	1.064	0.907	0.821	0.923	0.530
16A	0.303	0.295	0.731	0.410	0.103	0.513	0.064	0.000	0.654	0.051	0.013	0.167	0.000	0.667	0.115	0.090	0.128	0.115	0.615	0.205	0.487	0.577	0.436	0.359	0.321	0.423	0.493	0.388	0.487	0.808	0.855	0.872	0.974	0.843	0.856	1.000	0.843	0.756	0.859	0.466
46B	0.351	0.359	0.077	0.244	0.551	0.141	0.590	0.654	0.000	0.603	0.641	0.821	0.654	0.013	0.769	0.744	0.526	0.769	0.038	0.449	0.167	0.077	0.218	0.295	0.333	1.077	1.147	1.042	1.141	1.462	1.509	1.526	1.628	1.497	1.510	1.654	1.497	1.410	1.513	1.120
19A	0.252	0.244	0.679	0.359	0.051	0.462	0.013	0.051	0.603	0.000	0.038	0.218	0.051	0.615	0.167	0.141	0.077	0.167	0.564	0.154	0.436	0.526	0.385	0.308	0.269	0.474	0.544	0.440	0.538	0.859	0.907	0.923	1.026	0.894	0.907	1.051	0.894	0.808	0.910	0.518
06C	0.290	0.282	0.718	0.397	0.090	0.500	0.051	0.013	0.641	0.038	0.000	0.179	0.013	0.654	0.128	0.103	0.115	0.128	0.603	0.192	0.474	0.564	0.423	0.346	0.308	0.436	0.506	0.401	0.500	0.821	0.868	0.885	0.987	0.856	0.869	1.013	0.856	0.769	0.872	0.479
02A	0.470	0.462	0.897	0.577	0.269	0.679	0.231	0.167	0.821	0.218	0.179	0.000	0.167	0.833	0.051	0.077	0.295	0.051	0.782	0.372	0.654	0.744	0.603	0.526	0.487	0.256	0.326	0.222	0.321	0.641	0.689	0.705	0.808	0.676	0.689	0.833	0.676	0.590	0.692	0.300
08A	0.303	0.295	0.731	0.410	0.103	0.513	0.064	0.000	0.654	0.051	0.013	0.167	0.000	0.667	0.115	0.090	0.128	0.115	0.615	0.205	0.487	0.577	0.436	0.359	0.321	0.423	0.493	0.388	0.487	0.808	0.855	0.872	0.974	0.843	0.856	1.000	0.843	0.756	0.859	0.466
4326	0.363	0.372	0.064	0.256	0.564	0.154	0.603	0.667	0.013	0.615	0.654	0.833	0.667	0.000	0.782	0.756	0.538	0.782	0.051	0.462	0.179	0.090	0.231	0.308	0.346	1.090	1.160	1.055	1.154	1.474	1.522	1.538	1.641	1.510	1.523	1.667	1.510	1.423	1.526	1.133
22D	0.419	0.410	0.846	0.526	0.218	0.628	0.179	0.115	0.769	0.167	0.128	0.051	0.115	0.782	0.000	0.026	0.244	0.000	0.731	0.321	0.603	0.692	0.551	0.474	0.436	0.308	0.378	0.273	0.372	0.692	0.740	0.756	0.859	0.728	0.741	0.885	0.728	0.641	0.744	0.351
07A	0.393	0.385	0.821	0.500	0.192	0.603	0.154	0.090	0.744	0.141	0.103	0.077	0.090	0.756	0.026	0.000	0.218	0.026	0.705	0.295	0.577	0.667	0.526	0.449	0.410	0.333	0.403	0.299	0.397	0.718	0.766	0.782	0.885	0.753	0.766	0.910	0.753	0.667	0.769	0.377
22B	0.175	0.167	0.603	0.282	0.026	0.385	0.064	0.128	0.526	0.077	0.115	0.295	0.128	0.538	0.244	0.218	0.000	0.244	0.487	0.077	0.359	0.449	0.308	0.231	0.192	0.551	0.621	0.517	0.615	0.936	0.983	1.000	1.103	0.971	0.984	1.128	0.971	0.885	0.987	0.594
26B	0.419	0.410	0.846	0.526	0.218	0.628	0.179	0.115	0.769	0.167	0.128	0.051	0.115	0.782	0.000	0.026	0.244	0.000	0.731	0.321	0.603	0.692	0.551	0.474	0.436	0.308	0.378	0.273	0.372	0.692	0.740	0.756	0.859	0.728	0.741	0.885	0.728	0.641	0.744	0.351
39F	0.312	0.321	0.115	0.205	0.513	0.103	0.551	0.615	0.038	0.564	0.603	0.782	0.615	0.051	0.731	0.705	0.487	0.731	0.000	0.410	0.128	0.038	0.179	0.256	0.295	1.038	1.108	1.004	1.103	1.423	1.471	1.487	1.590	1.459	1.471	1.615	1.459	1.372	1.474	1.082
22C	0.098	0.090	0.526	0.205	0.103	0.308	0.141	0.205	0.449	0.154	0.192	0.372	0.205	0.462	0.321	0.295	0.077	0.321	0.410	0.000	0.282	0.372	0.231	0.154	0.115	0.628	0.698	0.593	0.692	1.013	1.060	1.077	1.179	1.048	1.061	1.205	1.048	0.962	1.064	0.671
08C	0.184	0.192	0.244	0.077	0.385	0.026	0.423	0.487	0.167	0.436	0.474	0.654	0.487	0.179	0.603	0.577	0.359	0.603	0.128	0.282	0.000	0.090	0.051	0.128	0.167	0.910	0.980	0.876	0.974	1.295	1.342	1.359	1.462	1.330	1.343	1.487	1.330	1.244	1.346	0.953
23A	0.274	0.282	0.154	0.167	0.474	0.064	0.513	0.577	0.077	0.526	0.564	0.744	0.577	0.090	0.692	0.667	0.449	0.692	0.038	0.372	0.090	0.000	0.141	0.218	0.256	1.000	1.070	0.965	1.064	1.385	1.432	1.449	1.551	1.420	1.433	1.577	1.420	1.333	1.436	1.043
24C	0.133	0.141	0.295	0.026	0.333	0.077	0.372	0.436	0.218	0.385	0.423	0.603	0.436	0.231	0.551	0.526	0.308	0.551	0.179	0.231	0.051	0.141	0.000	0.077	0.115	0.859	0.929	0.824	0.923	1.244	1.291	1.308	1.410	1.279	1.292	1.436	1.279	1.192	1.295	0.902
21A	0.056	0.064	0.372	0.051	0.256	0.154	0.295	0.359	0.295	0.308	0.346	0.526	0.359	0.308	0.474	0.449	0.231	0.474	0.256	0.154	0.128	0.218	0.077	0.000	0.038	0.782	0.852	0.747	0.846	1.167	1.214	1.231	1.333	1.202	1.215	1.359	1.202	1.115	1.218	0.825
20B	0.017	0.026	0.410	0.090	0.218	0.192	0.256	0.321	0.333	0.269	0.308	0.487	0.321	0.346	0.436	0.410	0.192	0.436	0.295	0.115	0.167	0.256	0.115	0.038	0.000	0.744	0.813	0.709	0.808	1.128	1.176	1.192	1.295	1.164	1.176	1.321	1.164	1.077	1.179	0.787
08B	0.726	0.718	1.154	0.833	0.526	0.936	0.487	0.423	1.077	0.474	0.436	0.256	0.423	1.090	0.308	0.333	0.551	0.308	1.038	0.628	0.910	1.000	0.859	0.782	0.744	0.000	0.070	0.035	0.064	0.385	0.432	0.449	0.551	0.420	0.433	0.577	0.420	0.333	0.436	0.043
36A	0.796	0.788	1.224	0.903	0.595	1.006	0.557	0.493	1.147	0.544	0.506	0.326	0.493	1.160	0.378	0.403	0.621	0.378	1.108	0.698	0.980	1.070	0.929	0.852	0.813	0.070	0.000	0.105	0.006	0.315	0.362	0.379	0.481	0.350	0.363	0.507	0.350	0.263	0.366	0.027
07B	0.692	0.683	1.119	0.799	0.491	0.901	0.452	0.388	1.042	0.440	0.401	0.222	0.388	1.055	0.273	0.299	0.517	0.273	1.004	0.593	0.876	0.965	0.824	0.747	0.709	0.035	0.105	0.000	0.099	0.419	0.467	0.483	0.586	0.455	0.468	0.612	0.455	0.368	0.471	0.078
06B	0.790	0.782	1.218	0.897	0.590	1.000	0.551	0.487	1.141	0.538	0.500	0.321	0.487	1.154	0.372	0.397	0.615	0.372	1.103	0.692	0.974	1.064	0.923	0.846	0.808	0.064	0.006	0.099	0.000	0.321	0.368	0.385	0.487	0.356	0.369	0.513	0.356	0.269	0.372	0.021
43A	1.111	1.103	1.538	1.218	0.910	1.321	0.872	0.808	1.462	0.859	0.821	0.641	0.808	1.474	0.692	0.718	0.936	0.692	1.423	1.013	1.295	1.385	1.244	1.167	1.128	0.385	0.315	0.419	0.321	0.000	0.048	0.064	0.167	0.035	0.048	0.192	0.035	0.051	0.051	0.341
29A	1.159	1.150	1.586	1.266	0.958	1.368	0.919	0.855	1.509	0.907	0.868	0.689	0.855	1.522	0.740	0.766	0.983	0.740	1.471	1.060	1.342	1.432	1.291	1.214	1.176	0.432	0.362	0.467	0.368	0.048	0.000	0.017	0.119	0.012	0.001	0.145	0.012	0.099	0.004	0.389
39A	1.175	1.167	1.603	1.282	0.974	1.385	0.936	0.872	1.526	0.923	0.885	0.705	0.872	1.538	0.756	0.782	1.000	0.756	1.487	1.077	1.359	1.449	1.308	1.231	1.192	0.449	0.379	0.483	0.385	0.064	0.017	0.000	0.103	0.029	0.016	0.128	0.029	0.115	0.013	0.406
34A	1.278	1.269	1.705	1.385	1.077	1.487	1.038	0.974	1.628	1.026	0.987	0.808	0.974	1.641	0.859	0.885	1.103	0.859	1.590	1.179	1.462	1.551	1.410	1.333	1.295	0.551	0.481	0.586	0.487	0.167	0.119	0.103	0.000	0.131	0.118	0.026	0.131	0.218	0.115	0.508
36B	1.146	1.138	1.574	1.253	0.946	1.356	0.907	0.843	1.497	0.894	0.856	0.676	0.843	1.510	0.728	0.753	0.971	0.728	1.459	1.048	1.330	1.420	1.279	1.202	1.164	0.420	0.350	0.455	0.356	0.035	0.012	0.029	0.131	0.000	0.013	0.157	0.000	0.087	0.016	0.377
13A	1.159	1.151	1.587	1.266	0.959	1.369	0.920	0.856	1.510	0.907	0.869	0.689	0.856	1.523	0.741	0.766	0.984	0.741	1.471	1.061	1.343	1.433	1.292	1.215	1.176	0.433	0.363	0.468	0.369	0.048	0.001	0.016	0.118	0.013	0.000	0.144	0.013	0.100	0.003	0.390
27A	1.303	1.295	1.731	1.410	1.103	1.513	1.064	1.000	1.654	1.051	1.013	0.833	1.000	1.667	0.885	0.910	1.128	0.885	1.615	1.205	1.487	1.577	1.436	1.359	1.321	0.577	0.507	0.612	0.513	0.192	0.145	0.128	0.026	0.157	0.144	0.000	0.157	0.244	0.141	0.534
33E	1.146	1.138	1.574	1.253	0.946	1.356	0.907	0.843	1.497	0.894	0.856	0.676	0.843	1.510	0.728	0.753	0.971	0.728	1.459	1.048	1.330	1.420	1.279	1.202	1.164	0.420	0.350	0.455	0.356	0.035	0.012	0.029	0.131	0.000	0.013	0.157	0.000	0.087	0.016	0.377
03A	1.060	1.051	1.487	1.167	0.859	1.269	0.821	0.756	1.410	0.808	0.769	0.590	0.756	1.423	0.641	0.667	0.885	0.641	1.372	0.962	1.244	1.333	1.192	1.115	1.077	0.333	0.263	0.368	0.269	0.051	0.099	0.115	0.218	0.087	0.100	0.244	0.087	0.000	0.103	0.290
06A	1.162	1.154	1.590	1.269	0.962	1.372	0.923	0.859	1.513	0.910	0.872	0.692	0.859	1.526	0.744	0.769	0.987	0.744	1.474	1.064	1.346	1.436	1.295	1.218	1.179	0.436	0.366	0.471	0.372	0.051	0.004	0.013	0.115	0.016	0.003	0.141	0.016	0.103	0.000	0.393
46A	0.770	0.761	1.197	0.877	0.569	0.979	0.530	0.466	1.120	0.518	0.479	0.300	0.466	1.133	0.351	0.377	0.594	0.351	1.082	0.671	0.953	1.043	0.902	0.825	0.787	0.043	0.027	0.078	0.021	0.341	0.389	0.406	0.508	0.377	0.390	0.534	0.377	0.290	0.393	0.000
