	10A	20A	21B	17A	24A	39C	16A	14B	46B	02A	08A	06C	4326	19A	07A	22D	22B	26B	22C	39F	08C	23A	24C	21A	20B	08B	36A	06B	07B	43A	29A	39A	34A	27A	36B	33E	13A	03A	06A	46A
10A	0	172.5152733	56.94468261	661.1111591	20.82119645	95.76558167	169.7669241	80.46781429	152.4259597	176.5995072	83.85697342	91.08624026	573.4050529	26.04459071	65.74884266	175.4944131	78.59504807	112.4096401	NA	818.2567145	651.6106861	807.0140794	419.6040149	274.0336055	206.6025479	486.6785039	103.7593796	223.9627225	60.14493081	71.56365859	273.3610435	258.9110655	25.40386301	201.8213895	148.7605375	204.1318605	120.8895901	209.9895135	243.1285825	72.78677681
20A	172.5152733	0	229.459956	488.5958857	193.3364698	76.74969167	2.74834929	92.04745906	20.08931363	349.1147805	256.3722468	263.6015136	400.8897795	198.5598641	106.7664307	2.979139761	93.92022528	284.9249134	NA	645.7414412	479.0954127	634.498806	247.0887416	101.5183321	34.08727453	659.1937772	276.2746529	396.4779958	112.3703425	244.0789319	445.8763168	431.4263388	147.1114103	374.3366628	321.2758108	376.6471338	293.4048634	382.5047868	415.6438558	99.72849653
21B	56.94468261	229.459956	0	718.0558417	36.12348616	152.7102643	226.7116067	137.4124969	209.3706423	119.6548246	26.91229081	34.14155765	630.3497355	30.9000919	122.6935253	232.4390957	135.5397307	55.46495748	NA	875.2013971	708.5553687	863.958762	476.5486975	330.9782881	263.5472305	429.7338213	46.81469698	167.0180399	117.0896134	14.61897598	216.4163609	201.9663829	82.34854562	144.8767069	91.81585488	147.1871779	63.94490748	153.0448309	186.1838999	129.7314594
17A	661.1111591	488.5958857	718.0558417	0	681.9323555	565.3455774	491.344235	580.6433448	508.6851994	837.7106663	744.9681325	752.1973993	87.70610623	687.1557498	595.3623164	485.616746	582.516111	773.5207992	NA	157.1455554	9.500473015	145.9029203	241.5071442	387.0775536	454.5086112	1147.789663	764.8705387	885.0738816	600.9662283	732.6748177	934.4722026	920.0222246	635.7072961	862.9325486	809.8716966	865.2430196	782.0007492	871.1006726	904.2397416	588.3243823
24A	20.82119645	193.3364698	36.12348616	681.9323555	0	116.5867781	190.5881205	101.2890107	173.2471562	155.7783108	63.03577697	70.26504381	594.2262493	5.22339426	86.57003911	196.3156096	99.41624451	91.58844364	NA	839.077911	672.4318825	827.8352758	440.4252114	294.8548019	227.4237443	465.8573074	82.93818314	203.141526	80.96612726	50.74246214	252.539847	238.089869	46.22505946	181.000193	127.939341	183.310664	100.0683936	189.168317	222.307386	93.60797326
39C	95.76558167	76.74969167	152.7102643	565.3455774	116.5867781	0	74.00134238	15.29776738	56.66037804	272.3650889	179.6225551	186.8518219	477.6394712	121.8101724	30.01673901	79.72883143	17.1705336	208.1752218	NA	722.4911328	555.8451044	711.2484977	323.8384333	178.2680238	110.8369662	582.4440855	199.5249613	319.7283042	35.62065086	167.3292403	369.1266252	354.6766472	70.36171866	297.5869712	244.5261192	299.8974422	216.6551718	305.7550952	338.8941642	22.97880486
16A	169.7669241	2.74834929	226.7116067	491.344235	190.5881205	74.00134238	0	89.29910977	17.34096434	346.3664313	253.6238975	260.8531643	403.6381288	195.8115148	104.0180814	5.727489051	91.17187599	282.1765641	NA	648.4897905	481.843762	637.2471553	249.8370909	104.2666814	36.83562382	656.4454279	273.5263036	393.7296465	109.6219932	241.3305826	443.1279675	428.6779895	144.363061	371.5883135	318.5274615	373.8987845	290.6565141	379.7564375	412.8955065	96.98014724
14B	80.46781429	92.04745906	137.4124969	580.6433448	101.2890107	15.29776738	89.29910977	0	71.95814542	257.0673215	164.3247877	171.5540545	492.9372386	106.512405	14.71897163	95.02659882	1.872766222	192.8774544	NA	737.7889002	571.1428718	726.5462651	339.1362006	193.5657912	126.1347336	567.1463182	184.2271939	304.4305368	20.32288347	152.0314729	353.8288578	339.3788798	55.06395127	282.2892038	229.2283518	284.5996748	201.3574044	290.4573278	323.5963968	7.681037475
46B	152.4259597	20.08931363	209.3706423	508.6851994	173.2471562	56.66037804	17.34096434	71.95814542	0	329.0254669	236.2829331	243.5122	420.9790931	178.4705504	86.67711705	23.06845339	73.83091164	264.8355998	NA	665.8307548	499.1847264	654.5881196	267.1780552	121.6076457	54.17658816	639.1044636	256.1853393	376.3886822	92.2810289	223.9896183	425.7870032	411.3370252	127.0220967	354.2473492	301.1864972	356.5578202	273.3155498	362.4154732	395.5545422	79.6391829
02A	176.5995072	349.1147805	119.6548246	837.7106663	155.7783108	272.3650889	346.3664313	257.0673215	329.0254669	0	92.74253379	85.51326695	750.0045601	150.5549165	242.3483499	352.0939203	255.1945553	64.18986712	NA	994.8562217	828.2101933	983.6135866	596.2035221	450.6331127	383.2020551	310.0789967	72.84012762	47.36321528	236.744438	105.0358486	96.76153628	82.31155828	202.0033702	25.22188228	27.83896972	27.53235328	55.70991712	33.39000628	66.52907528	249.386284
08A	83.85697342	256.3722468	26.91229081	744.9681325	63.03577697	179.6225551	253.6238975	164.3247877	236.2829331	92.74253379	0	7.229266838	657.2620263	57.81238271	149.6058161	259.3513865	162.4520215	28.55266667	NA	902.1136879	735.4676595	890.8710528	503.4609883	357.8905789	290.4595213	402.8215304	19.90240617	140.1057491	144.0019042	12.29331483	189.5040701	175.0540921	109.2608364	117.9644161	64.90356407	120.2748871	37.03261667	126.1325401	159.2716091	156.6437502
06C	91.08624026	263.6015136	34.14155765	752.1973993	70.26504381	186.8518219	260.8531643	171.5540545	243.5122	85.51326695	7.229266838	0	664.4912931	65.04164955	156.8350829	266.5806534	169.6812883	21.32339983	NA	909.3429548	742.6969263	898.1003196	510.6902552	365.1198457	297.6887881	395.5922636	12.67313933	132.8764822	151.2311711	19.52258167	182.2748032	167.8248252	116.4901033	110.7351492	57.67429723	113.0456202	29.80334983	118.9032732	152.0423422	163.8730171
4326	573.4050529	400.8897795	630.3497355	87.70610623	594.2262493	477.6394712	403.6381288	492.9372386	420.9790931	750.0045601	657.2620263	664.4912931	0	599.4496436	507.6562102	397.9106398	494.8100048	685.8146929	NA	244.8516617	78.20563321	233.6090265	153.8010379	299.3714474	366.802505	1060.083557	677.1644324	797.3677753	513.260122	644.9687114	846.7660963	832.3161183	548.0011898	775.2264423	722.1655903	777.5369133	694.2946429	783.3945663	816.5336353	500.618276
19A	26.04459071	198.5598641	30.9000919	687.1557498	5.22339426	121.8101724	195.8115148	106.512405	178.4705504	150.5549165	57.81238271	65.04164955	599.4496436	0	91.79343337	201.5390038	104.6396388	86.36504938	NA	844.3013052	677.6552768	833.0586701	445.6486056	300.0781962	232.6471386	460.6339132	77.71478888	197.9181318	86.18952152	45.51906788	247.3164528	232.8664748	51.44845372	175.7767988	122.7159468	178.0872698	94.84499938	183.9449228	217.0839918	98.83136752
07A	65.74884266	106.7664307	122.6935253	595.3623164	86.57003911	30.01673901	104.0180814	14.71897163	86.67711705	242.3483499	149.6058161	156.8350829	507.6562102	91.79343337	0	109.7455704	12.84620541	178.1584827	NA	752.5078719	585.8618434	741.2652367	353.8551723	208.2847628	140.8537052	552.4273465	169.5082222	289.7115651	5.603911846	137.3125012	339.1098861	324.6599081	40.34497965	267.5702321	214.5093801	269.8807031	186.6384327	275.7383561	308.8774251	7.037934154
22D	175.4944131	2.979139761	232.4390957	485.616746	196.3156096	79.72883143	5.727489051	95.02659882	23.06845339	352.0939203	259.3513865	266.5806534	397.9106398	201.5390038	109.7455704	0	96.89936504	287.9040532	NA	642.7623014	476.116273	631.5196663	244.1096018	98.53919236	31.10813477	662.172917	279.2537927	399.4571356	115.3494823	247.0580717	448.8554566	434.4054786	150.0905501	377.3158026	324.2549506	379.6262736	296.3840032	385.4839266	418.6229956	102.7076363
22B	78.59504807	93.92022528	135.5397307	582.516111	99.41624451	17.1705336	91.17187599	1.872766222	73.83091164	255.1945553	162.4520215	169.6812883	494.8100048	104.6396388	12.84620541	96.89936504	0	191.0046882	NA	739.6616664	573.015638	728.4190313	341.0089669	195.4385574	128.0074998	565.2735519	182.3544277	302.5577706	18.45011725	150.1587067	351.9560916	337.5061136	53.19118505	280.4164376	227.3555856	282.7269086	199.4846382	288.5845616	321.7236306	5.808271253
26B	112.4096401	284.9249134	55.46495748	773.5207992	91.58844364	208.1752218	282.1765641	192.8774544	264.8355998	64.18986712	28.55266667	21.32339983	685.8146929	86.36504938	178.1584827	287.9040532	191.0046882	0	NA	930.6663546	764.0203262	919.4237194	532.013655	386.4432455	319.012188	374.2688638	8.650260503	111.5530824	172.5545709	40.8459815	160.9514034	146.5014254	137.8135031	89.4117494	36.3508974	91.7222204	8.479949997	97.5798734	130.7189424	185.1964169
22C	NA	NA	NA	NA	NA	NA	NA	NA	NA	NA	NA	NA	NA	NA	NA	NA	NA	NA	NA	NA	NA	NA	NA	NA	NA	NA	NA	NA	NA	NA	NA	NA	NA	NA	NA	NA	NA	NA	NA	NA
39F	818.2567145	645.7414412	875.2013971	157.1455554	839.077911	722.4911328	648.4897905	737.7889002	665.8307548	994.8562217	902.1136879	909.3429548	244.8516617	844.3013052	752.5078719	642.7623014	739.6616664	930.6663546	NA	0	166.6460284	11.24263515	398.6526996	544.2231091	611.6541666	1304.935218	922.0160941	1042.219437	758.1117837	889.8203731	1091.617758	1077.16778	792.8528515	1020.078104	967.017252	1022.388575	939.1463046	1028.246228	1061.385297	745.4699377
08C	651.6106861	479.0954127	708.5553687	9.500473015	672.4318825	555.8451044	481.843762	571.1428718	499.1847264	828.2101933	735.4676595	742.6969263	78.20563321	677.6552768	585.8618434	476.116273	573.015638	764.0203262	NA	166.6460284	0	155.4033933	232.0066711	377.5770806	445.0081382	1138.28919	755.3700657	875.5734086	591.4657553	723.1743447	924.9717296	910.5217516	626.2068231	853.4320756	800.3712236	855.7425466	772.5002762	861.6001996	894.7392686	578.8239093
23A	807.0140794	634.498806	863.958762	145.9029203	827.8352758	711.2484977	637.2471553	726.5462651	654.5881196	983.6135866	890.8710528	898.1003196	233.6090265	833.0586701	741.2652367	631.5196663	728.4190313	919.4237194	NA	11.24263515	155.4033933	0	387.4100644	532.9804739	600.4115315	1293.692583	910.7734589	1030.976802	746.8691485	878.5777379	1080.375123	1065.925145	781.6102163	1008.835469	955.7746168	1011.14594	927.9036694	1017.003593	1050.142662	734.2273025
24C	419.6040149	247.0887416	476.5486975	241.5071442	440.4252114	323.8384333	249.8370909	339.1362006	267.1780552	596.2035221	503.4609883	510.6902552	153.8010379	445.6486056	353.8551723	244.1096018	341.0089669	532.013655	NA	398.6526996	232.0066711	387.4100644	0	145.5704095	213.0014671	906.2825188	523.3633945	643.5667374	359.4590841	491.1676735	692.9650584	678.5150804	394.2001519	621.4254044	568.3645524	623.7358754	540.493605	629.5935284	662.7325974	346.8172381
21A	274.0336055	101.5183321	330.9782881	387.0775536	294.8548019	178.2680238	104.2666814	193.5657912	121.6076457	450.6331127	357.8905789	365.1198457	299.3714474	300.0781962	208.2847628	98.53919236	195.4385574	386.4432455	NA	544.2231091	377.5770806	532.9804739	145.5704095	0	67.43105759	760.7121093	377.792985	497.9963279	213.8886746	345.597264	547.3946489	532.9446709	248.6297424	475.8549949	422.7941429	478.1654659	394.9231955	484.0231189	517.1621879	201.2468286
20B	206.6025479	34.08727453	263.5472305	454.5086112	227.4237443	110.8369662	36.83562382	126.1347336	54.17658816	383.2020551	290.4595213	297.6887881	366.802505	232.6471386	140.8537052	31.10813477	128.0074998	319.012188	NA	611.6541666	445.0081382	600.4115315	213.0014671	67.43105759	0	693.2810517	310.3619275	430.5652704	146.4576171	278.1662065	479.9635914	465.5136134	181.1986849	408.4239374	355.3630854	410.7344084	327.492138	416.5920614	449.7311304	133.8157711
08B	486.6785039	659.1937772	429.7338213	1147.789663	465.8573074	582.4440855	656.4454279	567.1463182	639.1044636	310.0789967	402.8215304	395.5922636	1060.083557	460.6339132	552.4273465	662.172917	565.2735519	374.2688638	NA	1304.935218	1138.28919	1293.692583	906.2825188	760.7121093	693.2810517	0	382.9191243	262.7157814	546.8234347	415.1148453	213.3174604	227.7674384	512.0823669	284.8571144	337.9179664	282.5466434	365.7889138	276.6889904	243.5499214	559.4652807
36A	103.7593796	276.2746529	46.81469698	764.8705387	82.93818314	199.5249613	273.5263036	184.2271939	256.1853393	72.84012762	19.90240617	12.67313933	677.1644324	77.71478888	169.5082222	279.2537927	182.3544277	8.650260503	NA	922.0160941	755.3700657	910.7734589	523.3633945	377.792985	310.3619275	382.9191243	0	120.2033429	163.9043104	32.195721	169.6016639	155.1516859	129.1632426	98.0620099	45.0011579	100.3724809	17.1302105	106.2301339	139.3692029	176.5461564
06B	223.9627225	396.4779958	167.0180399	885.0738816	203.141526	319.7283042	393.7296465	304.4305368	376.3886822	47.36321528	140.1057491	132.8764822	797.3677753	197.9181318	289.7115651	399.4571356	302.5577706	111.5530824	NA	1042.219437	875.5734086	1030.976802	643.5667374	497.9963279	430.5652704	262.7157814	120.2033429	0	284.1076533	152.3990639	49.398321	34.948343	249.3665855	22.141333	75.202185	19.830862	103.0731324	13.973209	19.16586	296.7494993
07B	60.14493081	112.3703425	117.0896134	600.9662283	80.96612726	35.62065086	109.6219932	20.32288347	92.2810289	236.744438	144.0019042	151.2311711	513.260122	86.18952152	5.603911846	115.3494823	18.45011725	172.5545709	NA	758.1117837	591.4657553	746.8691485	359.4590841	213.8886746	146.4576171	546.8234347	163.9043104	284.1076533	0	131.7085894	333.5059743	319.0559963	34.7410678	261.9663203	208.9054683	264.2767913	181.0345209	270.1344443	303.2735133	12.641846
43A	71.56365859	244.0789319	14.61897598	732.6748177	50.74246214	167.3292403	241.3305826	152.0314729	223.9896183	105.0358486	12.29331483	19.52258167	644.9687114	45.51906788	137.3125012	247.0580717	150.1587067	40.8459815	NA	889.8203731	723.1743447	878.5777379	491.1676735	345.597264	278.1662065	415.1148453	32.195721	152.3990639	131.7085894	0	201.7973849	187.3474069	96.9675216	130.2577309	77.1968789	132.5682019	49.3259315	138.4258549	171.5649239	144.3504354
29A	273.3610435	445.8763168	216.4163609	934.4722026	252.539847	369.1266252	443.1279675	353.8288578	425.7870032	96.76153628	189.5040701	182.2748032	846.7660963	247.3164528	339.1098861	448.8554566	351.9560916	160.9514034	NA	1091.617758	924.9717296	1080.375123	692.9650584	547.3946489	479.9635914	213.3174604	169.6016639	49.398321	333.5059743	201.7973849	0	14.449978	298.7649065	71.539654	124.600506	69.229183	152.4714534	63.37153	30.232461	346.1478203
39A	258.9110655	431.4263388	201.9663829	920.0222246	238.089869	354.6766472	428.6779895	339.3788798	411.3370252	82.31155828	175.0540921	167.8248252	832.3161183	232.8664748	324.6599081	434.4054786	337.5061136	146.5014254	NA	1077.16778	910.5217516	1065.925145	678.5150804	532.9446709	465.5136134	227.7674384	155.1516859	34.948343	319.0559963	187.3474069	14.449978	0	284.3149285	57.089676	110.150528	54.779205	138.0214754	48.921552	15.782483	331.6978423
34A	25.40386301	147.1114103	82.34854562	635.7072961	46.22505946	70.36171866	144.363061	55.06395127	127.0220967	202.0033702	109.2608364	116.4901033	548.0011898	51.44845372	40.34497965	150.0905501	53.19118505	137.8135031	NA	792.8528515	626.2068231	781.6102163	394.2001519	248.6297424	181.1986849	512.0823669	129.1632426	249.3665855	34.7410678	96.9675216	298.7649065	284.3149285	0	227.2252525	174.1644005	229.5357235	146.2934531	235.3933765	268.5324455	47.3829138
27A	201.8213895	374.3366628	144.8767069	862.9325486	181.000193	297.5869712	371.5883135	282.2892038	354.2473492	25.22188228	117.9644161	110.7351492	775.2264423	175.7767988	267.5702321	377.3158026	280.4164376	89.4117494	NA	1020.078104	853.4320756	1008.835469	621.4254044	475.8549949	408.4239374	284.8571144	98.0620099	22.141333	261.9663203	130.2577309	71.539654	57.089676	227.2252525	0	53.060852	2.310471	80.9317994	8.168124	41.307193	274.6081663
36B	148.7605375	321.2758108	91.81585488	809.8716966	127.939341	244.5261192	318.5274615	229.2283518	301.1864972	27.83896972	64.90356407	57.67429723	722.1655903	122.7159468	214.5093801	324.2549506	227.3555856	36.3508974	NA	967.017252	800.3712236	955.7746168	568.3645524	422.7941429	355.3630854	337.9179664	45.0011579	75.202185	208.9054683	77.1968789	124.600506	110.150528	174.1644005	53.060852	0	55.371323	27.8709474	61.228976	94.368045	221.5473143
33E	204.1318605	376.6471338	147.1871779	865.2430196	183.310664	299.8974422	373.8987845	284.5996748	356.5578202	27.53235328	120.2748871	113.0456202	777.5369133	178.0872698	269.8807031	379.6262736	282.7269086	91.7222204	NA	1022.388575	855.7425466	1011.14594	623.7358754	478.1654659	410.7344084	282.5466434	100.3724809	19.830862	264.2767913	132.5682019	69.229183	54.779205	229.5357235	2.310471	55.371323	0	83.2422704	5.857653	38.996722	276.9186373
13A	120.8895901	293.4048634	63.94490748	782.0007492	100.0683936	216.6551718	290.6565141	201.3574044	273.3155498	55.70991712	37.03261667	29.80334983	694.2946429	94.84499938	186.6384327	296.3840032	199.4846382	8.479949997	NA	939.1463046	772.5002762	927.9036694	540.493605	394.9231955	327.492138	365.7889138	17.1302105	103.0731324	181.0345209	49.3259315	152.4714534	138.0214754	146.2934531	80.9317994	27.8709474	83.2422704	0	89.0999234	122.2389924	193.6763669
03A	209.9895135	382.5047868	153.0448309	871.1006726	189.168317	305.7550952	379.7564375	290.4573278	362.4154732	33.39000628	126.1325401	118.9032732	783.3945663	183.9449228	275.7383561	385.4839266	288.5845616	97.5798734	NA	1028.246228	861.6001996	1017.003593	629.5935284	484.0231189	416.5920614	276.6889904	106.2301339	13.973209	270.1344443	138.4258549	63.37153	48.921552	235.3933765	8.168124	61.228976	5.857653	89.0999234	0	33.139069	282.7762903
06A	243.1285825	415.6438558	186.1838999	904.2397416	222.307386	338.8941642	412.8955065	323.5963968	395.5545422	66.52907528	159.2716091	152.0423422	816.5336353	217.0839918	308.8774251	418.6229956	321.7236306	130.7189424	NA	1061.385297	894.7392686	1050.142662	662.7325974	517.1621879	449.7311304	243.5499214	139.3692029	19.16586	303.2735133	171.5649239	30.232461	15.782483	268.5324455	41.307193	94.368045	38.996722	122.2389924	33.139069	0	315.9153593
46A	72.78677681	99.72849653	129.7314594	588.3243823	93.60797326	22.97880486	96.98014724	7.681037475	79.6391829	249.386284	156.6437502	163.8730171	500.618276	98.83136752	7.037934154	102.7076363	5.808271253	185.1964169	NA	745.4699377	578.8239093	734.2273025	346.8172381	201.2468286	133.8157711	559.4652807	176.5461564	296.7494993	12.641846	144.3504354	346.1478203	331.6978423	47.3829138	274.6081663	221.5473143	276.9186373	193.6763669	282.7762903	315.9153593	0
