	10A	21B	20A	17A	24A	39C	14B	16A	46B	19A	06C	02A	08A	4326	22D	07A	22B	26B	39F	22C	08C	23A	24C	21A	20B	08B	36A	07B	06B	43A	29A	39A	34A	36B	13A	27A	33E	03A	06A	46A10A	0	98.35514762	470.1581281	880.6991874	57.15659428	236.874998	309.0908866	398.0208992	414.4446155	1137.282663	870.3672348	118.6623786	954.9093466	534.4767716	410.2781126	690.9395487	480.0986258	603.432097	1004.415567	NA	1108.783358	943.6500727	851.8062729	528.55332	174.4838327	519.635977	692.8214741	480.8787657	585.4927647	1023.300651	901.3777727	1041.373897	998.1990279	1136.911596	1140.390473	1161.700742	1084.63616	1022.764815	1042.124887	787.456865821B	98.35514762	0	568.5132758	979.054335	41.19855334	335.2301457	407.4460342	496.3760468	316.0894679	1038.927515	968.7223824	20.30723097	856.554199	436.121624	311.922965	592.5844011	381.7434782	505.0769494	906.0604195	NA	1207.138505	845.2949251	950.1614205	626.9084676	76.12868507	617.9911246	594.4663265	382.5236181	487.1376171	924.9455031	803.0226251	943.0187496	899.8438803	1038.556449	1042.035325	1063.345594	986.2810126	924.4096678	943.7697391	689.101718220A	470.1581281	568.5132758	0	410.5410593	527.3147224	233.2831301	161.0672416	72.13722898	884.6027436	1607.440791	400.2091066	588.8205067	1425.067475	1004.6349	880.4362407	1161.097677	950.2567539	1073.590225	1474.573695	NA	638.6252294	1413.808201	381.6481448	58.39519185	644.6419608	49.47784888	1162.979602	951.0368939	1055.650893	1493.458779	1371.535901	1511.532025	1468.357156	1607.069724	1610.548601	1631.85887	1554.794288	1492.922944	1512.283015	1257.61499417A	880.6991874	979.054335	410.5410593	0	937.8557817	643.8241894	571.6083008	482.6782882	1295.143803	2017.98185	10.33195261	999.361566	1835.608534	1415.175959	1290.9773	1571.638736	1360.797813	1484.131284	1885.114754	NA	228.0841702	1824.34926	28.89291451	352.1458674	1055.18302	361.0632104	1573.520662	1361.577953	1466.191952	1903.999838	1782.07696	1922.073085	1878.898215	2017.610784	2021.08966	2042.399929	1965.335348	1903.464003	1922.824074	1668.15605324A	57.15659428	41.19855334	527.3147224	937.8557817	0	294.0315923	366.2474808	455.1774934	357.2880212	1080.126069	927.5238291	61.50578432	897.7527524	477.3201774	353.1215183	633.7829544	422.9420315	546.2755027	947.2589728	NA	1165.939952	886.4934784	908.9628672	585.7099143	117.3272384	576.7925713	635.6648798	423.7221714	528.3361704	966.1440564	844.2211784	984.2173029	941.0424336	1079.755002	1083.233879	1104.544148	1027.479566	965.6082211	984.9682924	730.300271539C	236.874998	335.2301457	233.2831301	643.8241894	294.0315923	0	72.21588851	161.1459011	651.3196135	1374.157661	633.4922367	355.5373766	1191.784345	771.3517697	647.1531106	927.8145467	716.9736238	840.307095	1241.290565	NA	871.9083595	1180.525071	614.9312748	291.6783219	411.3588307	282.760979	929.6964722	717.7537638	822.3677628	1260.175649	1138.252771	1278.248895	1235.074026	1373.786594	1377.265471	1398.57574	1321.511158	1259.639813	1278.999885	1024.33186414B	309.0908866	407.4460342	161.0672416	571.6083008	366.2474808	72.21588851	0	88.9300126	723.535502	1446.373549	561.2763482	427.7532652	1264.000233	843.5676582	719.3689991	1000.030435	789.1895123	912.5229835	1313.506454	NA	799.692471	1252.740959	542.7153863	219.4624334	483.5747192	210.5450905	1001.912361	789.9696523	894.5836513	1332.391537	1210.468659	1350.464784	1307.289914	1446.002483	1449.481359	1470.791629	1393.727047	1331.855702	1351.215773	1096.54775216A	398.0208992	496.3760468	72.13722898	482.6782882	455.1774934	161.1459011	88.9300126	0	812.4655146	1535.303562	472.3463356	516.6832778	1352.930246	932.4976708	808.2990117	1088.960448	878.1195249	1001.452996	1402.436466	NA	710.7624584	1341.670972	453.7853737	130.5324208	572.5047318	121.6150779	1090.842373	878.8996649	983.5136639	1421.32155	1299.398672	1439.394796	1396.219927	1534.932495	1538.411372	1559.721641	1482.657059	1420.785715	1440.145786	1185.47776546B	414.4446155	316.0894679	884.6027436	1295.143803	357.2880212	651.3196135	723.535502	812.4655146	0	722.8380473	1284.81185	295.7822369	540.4647312	120.0321561	4.166502909	276.4949332	65.6540103	188.9874815	589.9709516	NA	1523.227973	529.2054572	1266.250888	942.9979355	239.9607828	934.0805925	278.3768586	66.43415024	171.0481492	608.8560352	486.9331572	626.9292817	583.7544124	722.4669808	725.9458573	747.2561265	670.1915447	608.3201999	627.6802712	373.012250319A	1137.282663	1038.927515	1607.440791	2017.98185	1080.126069	1374.157661	1446.373549	1535.303562	722.8380473	0	2007.649898	1018.620284	182.3733162	602.8058912	727.0045502	446.3431141	657.184037	533.8505658	132.8670957	NA	2246.06602	193.6325901	1989.088936	1665.835983	962.7988301	1656.91864	444.4611887	656.4038971	551.7898981	113.9820121	235.9048901	95.90876559	139.0836349	0.371066491	3.107810009	24.41807921	52.64650259	114.5178474	95.15777609	349.82579706C	870.3672348	968.7223824	400.2091066	10.33195261	927.5238291	633.4922367	561.2763482	472.3463356	1284.81185	2007.649898	0	989.0296134	1825.276581	1404.844006	1280.645347	1561.306783	1350.465861	1473.799332	1874.782802	NA	238.4161228	1814.017308	18.5609619	341.8139148	1044.851067	350.7312578	1563.188709	1351.246001	1455.86	1893.667886	1771.745008	1911.741132	1868.566263	2007.278831	2010.757708	2032.067977	1955.003395	1893.13205	1912.492122	1657.82410102A	118.6623786	20.30723097	588.8205067	999.361566	61.50578432	355.5373766	427.7532652	516.6832778	295.7822369	1018.620284	989.0296134	0	836.2469681	415.814393	291.615734	572.2771701	361.4362472	484.7697184	885.7531885	NA	1227.445736	824.9876941	970.4686515	647.2156986	55.8214541	638.2983556	574.1590955	362.2163871	466.8303861	904.6382721	782.7153941	922.7115186	879.5366493	1018.249218	1021.728094	1043.038363	965.9737816	904.1024368	923.4625081	668.794487208A	954.9093466	856.554199	1425.067475	1835.608534	897.7527524	1191.784345	1264.000233	1352.930246	540.4647312	182.3733162	1825.276581	836.2469681	0	420.432575	544.6312341	263.969798	474.8107209	351.4772497	49.50622043	NA	2063.692704	11.25927393	1806.71562	1483.462667	780.425514	1474.545324	262.0878725	474.0305809	369.4165819	68.39130407	53.53157393	86.46455057	43.28968127	182.0022497	185.4811262	206.7913954	129.7268136	67.85546877	87.21554007	167.45248084326	534.4767716	436.121624	1004.6349	1415.175959	477.3201774	771.3517697	843.5676582	932.4976708	120.0321561	602.8058912	1404.844006	415.814393	420.432575	0	124.1986591	156.4627771	54.37814585	68.95532535	469.9387955	NA	1643.260129	409.1733011	1386.283045	1063.030092	359.9929389	1054.112749	158.3447025	53.59800591	51.01599309	488.8238791	366.9010011	506.8971256	463.7222563	602.4348247	605.9137012	627.2239704	550.1593886	488.2880438	507.6481151	252.980094222D	410.2781126	311.922965	880.4362407	1290.9773	353.1215183	647.1531106	719.3689991	808.2990117	4.166502909	727.0045502	1280.645347	291.615734	544.6312341	124.1986591	0	280.6614361	69.82051321	193.1539844	594.1374545	NA	1519.06147	533.3719601	1262.084385	938.8314326	235.7942799	929.9140896	282.5433615	70.60065315	175.2146521	613.0225381	491.0996601	631.0957846	587.9209153	726.6334837	730.1123602	751.4226294	674.3580476	612.4867028	631.8467741	377.178753207A	690.9395487	592.5844011	1161.097677	1571.638736	633.7829544	927.8145467	1000.030435	1088.960448	276.4949332	446.3431141	1561.306783	572.2771701	263.969798	156.4627771	280.6614361	0	210.8409229	87.5074517	313.4760184	NA	1799.722906	252.710524	1542.745822	1219.492869	516.455716	1210.575526	1.881925439	210.060783	105.446784	332.361102	210.438224	350.4343485	307.2594792	445.9720476	449.4509241	470.7611933	393.6966115	331.8252667	351.185338	96.5173171422B	480.0986258	381.7434782	950.2567539	1360.797813	422.9420315	716.9736238	789.1895123	878.1195249	65.6540103	657.184037	1350.465861	361.4362472	474.8107209	54.37814585	69.82051321	210.8409229	0	123.3334712	524.3169413	NA	1588.881983	463.5514469	1331.904899	1008.651946	305.6147931	999.7346028	212.7228483	0.780139939	105.3941389	543.2020249	421.2791469	561.2752714	518.1004021	656.8129705	660.291847	681.6021162	604.5375344	542.6661896	562.0262609	307.3582426B	603.432097	505.0769494	1073.590225	1484.131284	546.2755027	840.307095	912.5229835	1001.452996	188.9874815	533.8505658	1473.799332	484.7697184	351.4772497	68.95532535	193.1539844	87.5074517	123.3334712	0	400.9834701	NA	1712.215455	340.2179757	1455.23837	1131.985417	428.9482643	1123.068074	89.38937714	122.5533313	17.93933226	419.8685537	297.9456757	437.9418002	394.7669309	533.4794993	536.9583758	558.268645	481.2040632	419.3327184	438.6927897	184.024768839F	1004.415567	906.0604195	1474.573695	1885.114754	947.2589728	1241.290565	1313.506454	1402.436466	589.9709516	132.8670957	1874.782802	885.7531885	49.50622043	469.9387955	594.1374545	313.4760184	524.3169413	400.9834701	0	NA	2113.198925	60.76549436	1856.22184	1532.968887	829.9317344	1524.051544	311.594093	523.5368014	418.9228024	18.88508364	103.0377944	36.95833014	6.216539164	132.4960292	135.9749057	157.2851749	80.22059314	18.34924834	37.70931964	216.958701322C	NA	NA	NA	NA	NA	NA	NA	NA	NA	NA	NA	NA	NA	NA	NA	NA	NA	NA	NA	NA	NA	NA	NA	NA	NA	NA	NA	NA	NA	NA	NA	NA	NA	NA	NA	NA	NA	NA	NA	NA08C	1108.783358	1207.138505	638.6252294	228.0841702	1165.939952	871.9083595	799.692471	710.7624584	1523.227973	2246.06602	238.4161228	1227.445736	2063.692704	1643.260129	1519.06147	1799.722906	1588.881983	1712.215455	2113.198925	NA	0	2052.43343	256.9770847	580.2300376	1283.26719	589.1473806	1801.604832	1589.662123	1694.276122	2132.084008	2010.16113	2150.157255	2106.982386	2245.694954	2249.17383	2270.4841	2193.419518	2131.548173	2150.908244	1896.24022323A	943.6500727	845.2949251	1413.808201	1824.34926	886.4934784	1180.525071	1252.740959	1341.670972	529.2054572	193.6325901	1814.017308	824.9876941	11.25927393	409.1733011	533.3719601	252.710524	463.5514469	340.2179757	60.76549436	NA	2052.43343	0	1795.456346	1472.203393	769.16624	1463.28605	250.8285986	462.771307	358.157308	79.650578	42.2723	97.7238245	54.5489552	193.2615236	196.7404001	218.0506693	140.9860875	79.1147427	98.474814	156.193206924C	851.8062729	950.1614205	381.6481448	28.89291451	908.9628672	614.9312748	542.7153863	453.7853737	1266.250888	1989.088936	18.5609619	970.4686515	1806.71562	1386.283045	1262.084385	1542.745822	1331.904899	1455.23837	1856.22184	NA	256.9770847	1795.456346	0	323.2529529	1026.290106	332.1702959	1544.627747	1332.685039	1437.299038	1875.106924	1753.184046	1893.18017	1850.005301	1988.717869	1992.196746	2013.507015	1936.442433	1874.571088	1893.93116	1639.26313921A	528.55332	626.9084676	58.39519185	352.1458674	585.7099143	291.6783219	219.4624334	130.5324208	942.9979355	1665.835983	341.8139148	647.2156986	1483.462667	1063.030092	938.8314326	1219.492869	1008.651946	1131.985417	1532.968887	NA	580.2300376	1472.203393	323.2529529	0	703.0371527	8.917342975	1221.374794	1009.432086	1114.046085	1551.853971	1429.931093	1569.927217	1526.752348	1665.464916	1668.943793	1690.254062	1613.18948	1551.318135	1570.678207	1316.01018620B	174.4838327	76.12868507	644.6419608	1055.18302	117.3272384	411.3588307	483.5747192	572.5047318	239.9607828	962.7988301	1044.851067	55.8214541	780.425514	359.9929389	235.7942799	516.455716	305.6147931	428.9482643	829.9317344	NA	1283.26719	769.16624	1026.290106	703.0371527	0	694.1198097	518.3376414	306.394933	411.008932	848.816818	726.89394	866.8900645	823.7151952	962.4277636	965.9066401	987.2169093	910.1523275	848.2809827	867.641054	612.973033108B	519.635977	617.9911246	49.47784888	361.0632104	576.7925713	282.760979	210.5450905	121.6150779	934.0805925	1656.91864	350.7312578	638.2983556	1474.545324	1054.112749	929.9140896	1210.575526	999.7346028	1123.068074	1524.051544	NA	589.1473806	1463.28605	332.1702959	8.917342975	694.1198097	0	1212.457451	1000.514743	1105.128742	1542.936628	1421.01375	1561.009874	1517.835005	1656.547573	1660.02645	1681.336719	1604.272137	1542.400792	1561.760864	1307.09284336A	692.8214741	594.4663265	1162.979602	1573.520662	635.6648798	929.6964722	1001.912361	1090.842373	278.3768586	444.4611887	1563.188709	574.1590955	262.0878725	158.3447025	282.5433615	1.881925439	212.7228483	89.38937714	311.594093	NA	1801.604832	250.8285986	1544.627747	1221.374794	518.3376414	1212.457451	0	211.9427084	107.3287094	330.4791766	208.5562986	348.5524231	305.3775538	444.0901222	447.5689987	468.8792679	391.8146861	329.9433413	349.3034126	94.635391707B	480.8787657	382.5236181	951.0368939	1361.577953	423.7221714	717.7537638	789.9696523	878.8996649	66.43415024	656.4038971	1351.246001	362.2163871	474.0305809	53.59800591	70.60065315	210.060783	0.780139939	122.5533313	523.5368014	NA	1589.662123	462.771307	1332.685039	1009.432086	306.394933	1000.514743	211.9427084	0	104.613999	542.421885	420.499007	560.4951315	517.3202622	656.0328306	659.5117071	680.8219763	603.7573945	541.8860497	561.246121	306.578100106B	585.4927647	487.1376171	1055.650893	1466.191952	528.3361704	822.3677628	894.5836513	983.5136639	171.0481492	551.7898981	1455.86	466.8303861	369.4165819	51.01599309	175.2146521	105.446784	105.3941389	17.93933226	418.9228024	NA	1694.276122	358.157308	1437.299038	1114.046085	411.008932	1105.128742	107.3287094	104.613999	0	437.807886	315.885008	455.8811325	412.7062632	551.4188316	554.8977081	576.2079773	499.1433955	437.2720507	456.632122	201.964101143A	1023.300651	924.9455031	1493.458779	1903.999838	966.1440564	1260.175649	1332.391537	1421.32155	608.8560352	113.9820121	1893.667886	904.6382721	68.39130407	488.8238791	613.0225381	332.361102	543.2020249	419.8685537	18.88508364	NA	2132.084008	79.650578	1875.106924	1551.853971	848.816818	1542.936628	330.4791766	542.421885	437.807886	0	121.922878	18.0732465	25.1016228	113.6109456	117.0898221	138.4000913	61.3355095	0.5358353	18.824236	235.843784929A	901.3777727	803.0226251	1371.535901	1782.07696	844.2211784	1138.252771	1210.468659	1299.398672	486.9331572	235.9048901	1771.745008	782.7153941	53.53157393	366.9010011	491.0996601	210.438224	421.2791469	297.9456757	103.0377944	NA	2010.16113	42.2723	1753.184046	1429.931093	726.89394	1421.01375	208.5562986	420.499007	315.885008	121.922878	0	139.9961245	96.8212552	235.5338236	239.0127001	260.3229693	183.2583875	121.3870427	140.747114	113.920906939A	1041.373897	943.0187496	1511.532025	1922.073085	984.2173029	1278.248895	1350.464784	1439.394796	626.9292817	95.90876559	1911.741132	922.7115186	86.46455057	506.8971256	631.0957846	350.4343485	561.2752714	437.9418002	36.95833014	NA	2150.157255	97.7238245	1893.18017	1569.927217	866.8900645	1561.009874	348.5524231	560.4951315	455.8811325	18.0732465	139.9961245	0	43.1748693	95.5376991	99.0165756	120.3268448	43.262263	18.6090818	0.7509895	253.917031434A	998.1990279	899.8438803	1468.357156	1878.898215	941.0424336	1235.074026	1307.289914	1396.219927	583.7544124	139.0836349	1868.566263	879.5366493	43.28968127	463.7222563	587.9209153	307.2594792	518.1004021	394.7669309	6.216539164	NA	2106.982386	54.5489552	1850.005301	1526.752348	823.7151952	1517.835005	305.3775538	517.3202622	412.7062632	25.1016228	96.8212552	43.1748693	0	138.7125684	142.1914449	163.5017141	86.4371323	24.5657875	43.9258588	210.742162136B	1136.911596	1038.556449	1607.069724	2017.610784	1079.755002	1373.786594	1446.002483	1534.932495	722.4669808	0.371066491	2007.278831	1018.249218	182.0022497	602.4348247	726.6334837	445.9720476	656.8129705	533.4794993	132.4960292	NA	2245.694954	193.2615236	1988.717869	1665.464916	962.4277636	1656.547573	444.0901222	656.0328306	551.4188316	113.6109456	235.5338236	95.5376991	138.7125684	0	3.4788765	24.7891457	52.2754361	114.1467809	94.7867096	349.454730513A	1140.390473	1042.035325	1610.548601	2021.08966	1083.233879	1377.265471	1449.481359	1538.411372	725.9458573	3.107810009	2010.757708	1021.728094	185.4811262	605.9137012	730.1123602	449.4509241	660.291847	536.9583758	135.9749057	NA	2249.17383	196.7404001	1992.196746	1668.943793	965.9066401	1660.02645	447.5689987	659.5117071	554.8977081	117.0898221	239.0127001	99.0165756	142.1914449	3.4788765	0	21.3102692	55.7543126	117.6256574	98.2655861	352.93360727A	1161.700742	1063.345594	1631.85887	2042.399929	1104.544148	1398.57574	1470.791629	1559.721641	747.2561265	24.41807921	2032.067977	1043.038363	206.7913954	627.2239704	751.4226294	470.7611933	681.6021162	558.268645	157.2851749	NA	2270.4841	218.0506693	2013.507015	1690.254062	987.2169093	1681.336719	468.8792679	680.8219763	576.2079773	138.4000913	260.3229693	120.3268448	163.5017141	24.7891457	21.3102692	0	77.0645818	138.9359266	119.5758553	374.243876233E	1084.63616	986.2810126	1554.794288	1965.335348	1027.479566	1321.511158	1393.727047	1482.657059	670.1915447	52.64650259	1955.003395	965.9737816	129.7268136	550.1593886	674.3580476	393.6966115	604.5375344	481.2040632	80.22059314	NA	2193.419518	140.9860875	1936.442433	1613.18948	910.1523275	1604.272137	391.8146861	603.7573945	499.1433955	61.3355095	183.2583875	43.262263	86.4371323	52.2754361	55.7543126	77.0645818	0	61.8713448	42.5112735	297.179294403A	1022.764815	924.4096678	1492.922944	1903.464003	965.6082211	1259.639813	1331.855702	1420.785715	608.3201999	114.5178474	1893.13205	904.1024368	67.85546877	488.2880438	612.4867028	331.8252667	542.6661896	419.3327184	18.34924834	NA	2131.548173	79.1147427	1874.571088	1551.318135	848.2809827	1542.400792	329.9433413	541.8860497	437.2720507	0.5358353	121.3870427	18.6090818	24.5657875	114.1467809	117.6256574	138.9359266	61.8713448	0	19.3600713	235.307949606A	1042.124887	943.7697391	1512.283015	1922.824074	984.9682924	1278.999885	1351.215773	1440.145786	627.6802712	95.15777609	1912.492122	923.4625081	87.21554007	507.6481151	631.8467741	351.185338	562.0262609	438.6927897	37.70931964	NA	2150.908244	98.474814	1893.93116	1570.678207	867.641054	1561.760864	349.3034126	561.246121	456.632122	18.824236	140.747114	0.7509895	43.9258588	94.7867096	98.2655861	119.5758553	42.5112735	19.3600713	0	254.668020946A	787.4568658	689.1017182	1257.614994	1668.156053	730.3002715	1024.331864	1096.547752	1185.477765	373.0122503	349.825797	1657.824101	668.7944872	167.4524808	252.9800942	377.1787532	96.51731714	307.35824	184.0247688	216.9587013	NA	1896.240223	156.1932069	1639.263139	1316.010186	612.9730331	1307.092843	94.6353917	306.5781001	201.9641011	235.8437849	113.9209069	253.9170314	210.7421621	349.4547305	352.933607	374.2438762	297.1792944	235.3079496	254.6680209	0